# name: debug
# type: sparse matrix
# nnz: 950
# rows: 118
# columns: 118

1 1 0.000000000
2 1 0.000000000
5 1 -0.000000000
6 1 -0.000000000
7 1 -0.000000000
8 1 -0.000000000
9 1 -0.000000000
10 1 -0.000000000
11 1 -0.000000000
12 1 -0.000000000
13 1 -0.000000000
14 1 0.000000000
15 1 0.000000000
16 1 0.000000000
17 1 0.000000000
18 1 0.000000000
19 1 0.000000000
20 1 0.000000000
21 1 0.000000000
22 1 0.000000000
23 1 0.000000000
24 1 0.000000000
25 1 0.000000000
26 1 0.000000000
27 1 0.000000000
28 1 0.000000000
29 1 0.000000000
30 1 0.000000000
31 1 0.000000000
32 1 0.000000000
33 1 0.000000000
34 1 0.000000000
35 1 0.000000000
36 1 0.000000000
37 1 0.000000000
38 1 0.000000000
39 1 0.000000000
40 1 0.000000000
41 1 0.000000000
42 1 0.000000000
43 1 0.000000000
44 1 0.000000000
45 1 0.000000000
46 1 0.000000000
47 1 0.000000000
48 1 0.000000000
49 1 0.000000000
50 1 0.000000000
51 1 0.000000000
52 1 0.000000000
53 1 0.000000000
54 1 0.000000000
55 1 0.000000000
56 1 0.000000000
57 1 0.000000000
58 1 0.000000000
59 1 0.000000000
60 1 0.000000000
61 1 0.000000000
62 1 0.000000000
63 1 0.000000000
64 1 0.000000000
65 1 0.000000000
66 1 0.000000000
67 1 0.000000000
68 1 0.000000000
69 1 0.000000000
70 1 0.000000000
71 1 0.000000000
72 1 0.000000000
73 1 0.000000000
74 1 0.000000000
75 1 0.000000000
76 1 0.000000000
77 1 0.000000000
78 1 0.000000000
79 1 0.000000000
1 2 0.000000000
2 2 0.000000000
5 2 -0.000000000
6 2 -0.000000000
7 2 -0.000000000
8 2 -0.000000000
9 2 -0.000000000
10 2 -0.000000000
11 2 -0.000000000
12 2 -0.000000000
13 2 -0.000000000
14 2 0.000000000
15 2 0.000000000
16 2 0.000000000
17 2 0.000000000
18 2 0.000000000
19 2 0.000000000
20 2 0.000000000
21 2 0.000000000
22 2 0.000000000
23 2 0.000000000
24 2 0.000000000
25 2 0.000000000
26 2 0.000000000
27 2 0.000000000
28 2 0.000000000
29 2 0.000000000
30 2 0.000000000
31 2 0.000000000
32 2 0.000000000
33 2 0.000000000
34 2 0.000000000
35 2 0.000000000
36 2 0.000000000
37 2 0.000000000
38 2 0.000000000
39 2 0.000000000
40 2 0.000000000
41 2 0.000000000
42 2 0.000000000
43 2 0.000000000
44 2 0.000000000
45 2 0.000000000
46 2 0.000000000
47 2 0.000000000
48 2 0.000000000
49 2 0.000000000
50 2 0.000000000
51 2 0.000000000
52 2 0.000000000
53 2 0.000000000
54 2 0.000000000
55 2 0.000000000
56 2 0.000000000
57 2 0.000000000
58 2 0.000000000
59 2 0.000000000
60 2 0.000000000
61 2 0.000000000
62 2 0.000000000
63 2 0.000000000
64 2 0.000000000
65 2 0.000000000
66 2 0.000000000
67 2 0.000000000
68 2 0.000000000
69 2 0.000000000
70 2 0.000000000
71 2 0.000000000
72 2 0.000000000
73 2 0.000000000
74 2 0.000000000
75 2 0.000000000
76 2 0.000000000
77 2 0.000000000
78 2 0.000000000
79 2 0.000000000
3 3 0.000000000
4 3 0.000000000
44 3 0.000000000
45 3 0.000000000
46 3 0.000000000
47 3 0.000000000
48 3 0.000000000
49 3 0.000000000
50 3 0.000000000
51 3 0.000000000
52 3 0.000000000
53 3 0.000000000
54 3 0.000000000
55 3 0.000000000
56 3 0.000000000
57 3 0.000000000
58 3 0.000000000
59 3 0.000000000
60 3 0.000000000
61 3 0.000000000
62 3 0.000000000
63 3 0.000000000
64 3 0.000000000
65 3 0.000000000
66 3 0.000000000
67 3 0.000000000
68 3 0.000000000
69 3 0.000000000
70 3 0.000000000
71 3 0.000000000
72 3 0.000000000
73 3 0.000000000
74 3 0.000000000
75 3 0.000000000
76 3 0.000000000
77 3 0.000000000
78 3 0.000000000
79 3 0.000000000
80 3 0.000000000
81 3 0.000000000
82 3 0.000000000
83 3 0.000000000
84 3 0.000000000
85 3 0.000000000
86 3 0.000000000
87 3 0.000000000
88 3 0.000000000
89 3 0.000000000
90 3 0.000000000
91 3 0.000000000
92 3 0.000000000
93 3 0.000000000
94 3 0.000000000
95 3 0.000000000
96 3 0.000000000
97 3 0.000000000
98 3 0.000000000
99 3 0.000000000
100 3 0.000000000
101 3 0.000000000
102 3 0.000000000
103 3 0.000000000
104 3 0.000000000
105 3 0.000000000
106 3 0.000000000
107 3 0.000000000
108 3 0.000000000
109 3 0.000000000
110 3 0.000000000
111 3 0.000000000
112 3 0.000000000
113 3 0.000000000
114 3 0.000000000
115 3 0.000000000
116 3 0.000000000
117 3 0.000000000
118 3 0.000000000
3 4 0.000000000
4 4 0.000000000
44 4 0.000000000
45 4 0.000000000
46 4 0.000000000
47 4 0.000000000
48 4 0.000000000
49 4 0.000000000
50 4 0.000000000
51 4 0.000000000
52 4 0.000000000
53 4 0.000000000
54 4 0.000000000
55 4 0.000000000
56 4 0.000000000
57 4 0.000000000
58 4 0.000000000
59 4 0.000000000
60 4 0.000000000
61 4 0.000000000
62 4 0.000000000
63 4 0.000000000
64 4 0.000000000
65 4 0.000000000
66 4 0.000000000
67 4 0.000000000
68 4 0.000000000
69 4 0.000000000
70 4 0.000000000
71 4 0.000000000
72 4 0.000000000
73 4 0.000000000
74 4 0.000000000
75 4 0.000000000
76 4 0.000000000
77 4 0.000000000
78 4 0.000000000
79 4 0.000000000
80 4 0.000000000
81 4 0.000000000
82 4 0.000000000
83 4 0.000000000
84 4 0.000000000
85 4 0.000000000
86 4 0.000000000
87 4 0.000000000
88 4 0.000000000
89 4 0.000000000
90 4 0.000000000
91 4 0.000000000
92 4 0.000000000
93 4 0.000000000
94 4 0.000000000
95 4 0.000000000
96 4 0.000000000
97 4 0.000000000
98 4 0.000000000
99 4 0.000000000
100 4 0.000000000
101 4 0.000000000
102 4 0.000000000
103 4 0.000000000
104 4 0.000000000
105 4 0.000000000
106 4 0.000000000
107 4 0.000000000
108 4 0.000000000
109 4 0.000000000
110 4 0.000000000
111 4 0.000000000
112 4 0.000000000
113 4 0.000000000
114 4 0.000000000
115 4 0.000000000
116 4 0.000000000
117 4 0.000000000
118 4 0.000000000
1 5 -0.000000000
2 5 -0.000000000
5 5 0.000000000
6 5 0.000000000
7 5 0.000000000
1 6 -0.000000000
2 6 -0.000000000
5 6 0.000000000
6 6 0.000000000
7 6 0.000000000
1 7 -0.000000000
2 7 -0.000000000
5 7 0.000000000
6 7 0.000000000
7 7 0.000000000
1 8 -0.000000000
2 8 -0.000000000
8 8 0.000000000
9 8 0.000000000
10 8 0.000000000
1 9 -0.000000000
2 9 -0.000000000
8 9 0.000000000
9 9 0.000000000
10 9 0.000000000
1 10 -0.000000000
2 10 -0.000000000
8 10 0.000000000
9 10 0.000000000
10 10 0.000000000
1 11 -0.000000000
2 11 -0.000000000
11 11 0.000000000
12 11 0.000000000
13 11 0.000000000
1 12 -0.000000000
2 12 -0.000000000
11 12 0.000000000
12 12 0.000000000
13 12 0.000000000
1 13 -0.000000000
2 13 -0.000000000
11 13 0.000000000
12 13 0.000000000
13 13 0.000000000
1 14 0.000000000
2 14 0.000000000
14 14 0.000000000
15 14 0.000000000
16 14 0.000000000
1 15 0.000000000
2 15 0.000000000
14 15 0.000000000
15 15 0.000000000
16 15 0.000000000
1 16 0.000000000
2 16 0.000000000
14 16 0.000000000
15 16 0.000000000
16 16 0.000000000
1 17 0.000000000
2 17 0.000000000
17 17 0.000000000
18 17 0.000000000
19 17 0.000000000
1 18 0.000000000
2 18 0.000000000
17 18 0.000000000
18 18 0.000000000
19 18 0.000000000
1 19 0.000000000
2 19 0.000000000
17 19 0.000000000
18 19 0.000000000
19 19 0.000000000
1 20 0.000000000
2 20 0.000000000
20 20 0.000000000
21 20 0.000000000
22 20 0.000000000
1 21 0.000000000
2 21 0.000000000
20 21 0.000000000
21 21 0.000000000
22 21 0.000000000
1 22 0.000000000
2 22 0.000000000
20 22 0.000000000
21 22 0.000000000
22 22 0.000000000
1 23 0.000000000
2 23 0.000000000
23 23 0.000000000
24 23 0.000000000
25 23 0.000000000
1 24 0.000000000
2 24 0.000000000
23 24 0.000000000
24 24 0.000000000
25 24 0.000000000
1 25 0.000000000
2 25 0.000000000
23 25 0.000000000
24 25 0.000000000
25 25 0.000000000
1 26 0.000000000
2 26 0.000000000
26 26 0.000000000
27 26 0.000000000
28 26 0.000000000
1 27 0.000000000
2 27 0.000000000
26 27 0.000000000
27 27 0.000000000
28 27 0.000000000
1 28 0.000000000
2 28 0.000000000
26 28 0.000000000
27 28 0.000000000
28 28 0.000000000
1 29 0.000000000
2 29 0.000000000
29 29 0.000000000
30 29 0.000000000
31 29 0.000000000
1 30 0.000000000
2 30 0.000000000
29 30 0.000000000
30 30 0.000000000
31 30 0.000000000
1 31 0.000000000
2 31 0.000000000
29 31 0.000000000
30 31 0.000000000
31 31 0.000000000
1 32 0.000000000
2 32 0.000000000
32 32 0.000000000
33 32 0.000000000
34 32 0.000000000
1 33 0.000000000
2 33 0.000000000
32 33 0.000000000
33 33 0.000000000
34 33 0.000000000
1 34 0.000000000
2 34 0.000000000
32 34 0.000000000
33 34 0.000000000
34 34 0.000000000
1 35 0.000000000
2 35 0.000000000
35 35 0.000000000
36 35 0.000000000
37 35 0.000000000
1 36 0.000000000
2 36 0.000000000
35 36 0.000000000
36 36 0.000000000
37 36 0.000000000
1 37 0.000000000
2 37 0.000000000
35 37 0.000000000
36 37 0.000000000
37 37 0.000000000
1 38 0.000000000
2 38 0.000000000
38 38 0.000000000
39 38 0.000000000
40 38 0.000000000
1 39 0.000000000
2 39 0.000000000
38 39 0.000000000
39 39 0.000000000
40 39 0.000000000
1 40 0.000000000
2 40 0.000000000
38 40 0.000000000
39 40 0.000000000
40 40 0.000000000
1 41 0.000000000
2 41 0.000000000
41 41 0.000000000
42 41 0.000000000
43 41 0.000000000
1 42 0.000000000
2 42 0.000000000
41 42 0.000000000
42 42 0.000000000
43 42 0.000000000
1 43 0.000000000
2 43 0.000000000
41 43 0.000000000
42 43 0.000000000
43 43 0.000000000
1 44 0.000000000
2 44 0.000000000
3 44 0.000000000
4 44 0.000000000
44 44 0.000000000
45 44 0.000000000
46 44 0.000000000
1 45 0.000000000
2 45 0.000000000
3 45 0.000000000
4 45 0.000000000
44 45 0.000000000
45 45 0.000000000
46 45 0.000000000
1 46 0.000000000
2 46 0.000000000
3 46 0.000000000
4 46 0.000000000
44 46 0.000000000
45 46 0.000000000
46 46 0.000000000
1 47 0.000000000
2 47 0.000000000
3 47 0.000000000
4 47 0.000000000
47 47 0.000000000
48 47 0.000000000
49 47 0.000000000
1 48 0.000000000
2 48 0.000000000
3 48 0.000000000
4 48 0.000000000
47 48 0.000000000
48 48 0.000000000
49 48 0.000000000
1 49 0.000000000
2 49 0.000000000
3 49 0.000000000
4 49 0.000000000
47 49 0.000000000
48 49 0.000000000
49 49 0.000000000
1 50 0.000000000
2 50 0.000000000
3 50 0.000000000
4 50 0.000000000
50 50 0.000000000
51 50 0.000000000
52 50 0.000000000
1 51 0.000000000
2 51 0.000000000
3 51 0.000000000
4 51 0.000000000
50 51 0.000000000
51 51 0.000000000
52 51 0.000000000
1 52 0.000000000
2 52 0.000000000
3 52 0.000000000
4 52 0.000000000
50 52 0.000000000
51 52 0.000000000
52 52 0.000000000
1 53 0.000000000
2 53 0.000000000
3 53 0.000000000
4 53 0.000000000
53 53 0.000000000
54 53 0.000000000
55 53 0.000000000
1 54 0.000000000
2 54 0.000000000
3 54 0.000000000
4 54 0.000000000
53 54 0.000000000
54 54 0.000000000
55 54 0.000000000
1 55 0.000000000
2 55 0.000000000
3 55 0.000000000
4 55 0.000000000
53 55 0.000000000
54 55 0.000000000
55 55 0.000000000
1 56 0.000000000
2 56 0.000000000
3 56 0.000000000
4 56 0.000000000
56 56 0.000000000
57 56 0.000000000
58 56 0.000000000
1 57 0.000000000
2 57 0.000000000
3 57 0.000000000
4 57 0.000000000
56 57 0.000000000
57 57 0.000000000
58 57 0.000000000
1 58 0.000000000
2 58 0.000000000
3 58 0.000000000
4 58 0.000000000
56 58 0.000000000
57 58 0.000000000
58 58 0.000000000
1 59 0.000000000
2 59 0.000000000
3 59 0.000000000
4 59 0.000000000
59 59 0.000000000
60 59 0.000000000
61 59 0.000000000
1 60 0.000000000
2 60 0.000000000
3 60 0.000000000
4 60 0.000000000
59 60 0.000000000
60 60 0.000000000
61 60 0.000000000
1 61 0.000000000
2 61 0.000000000
3 61 0.000000000
4 61 0.000000000
59 61 0.000000000
60 61 0.000000000
61 61 0.000000000
1 62 0.000000000
2 62 0.000000000
3 62 0.000000000
4 62 0.000000000
62 62 0.000000000
63 62 0.000000000
64 62 0.000000000
1 63 0.000000000
2 63 0.000000000
3 63 0.000000000
4 63 0.000000000
62 63 0.000000000
63 63 0.000000000
64 63 0.000000000
1 64 0.000000000
2 64 0.000000000
3 64 0.000000000
4 64 0.000000000
62 64 0.000000000
63 64 0.000000000
64 64 0.000000000
1 65 0.000000000
2 65 0.000000000
3 65 0.000000000
4 65 0.000000000
65 65 0.000000000
66 65 0.000000000
67 65 0.000000000
1 66 0.000000000
2 66 0.000000000
3 66 0.000000000
4 66 0.000000000
65 66 0.000000000
66 66 0.000000000
67 66 0.000000000
1 67 0.000000000
2 67 0.000000000
3 67 0.000000000
4 67 0.000000000
65 67 0.000000000
66 67 0.000000000
67 67 0.000000000
1 68 0.000000000
2 68 0.000000000
3 68 0.000000000
4 68 0.000000000
68 68 0.000000000
69 68 0.000000000
70 68 0.000000000
1 69 0.000000000
2 69 0.000000000
3 69 0.000000000
4 69 0.000000000
68 69 0.000000000
69 69 0.000000000
70 69 0.000000000
1 70 0.000000000
2 70 0.000000000
3 70 0.000000000
4 70 0.000000000
68 70 0.000000000
69 70 0.000000000
70 70 0.000000000
1 71 0.000000000
2 71 0.000000000
3 71 0.000000000
4 71 0.000000000
71 71 0.000000000
72 71 0.000000000
73 71 0.000000000
1 72 0.000000000
2 72 0.000000000
3 72 0.000000000
4 72 0.000000000
71 72 0.000000000
72 72 0.000000000
73 72 0.000000000
1 73 0.000000000
2 73 0.000000000
3 73 0.000000000
4 73 0.000000000
71 73 0.000000000
72 73 0.000000000
73 73 0.000000000
1 74 0.000000000
2 74 0.000000000
3 74 0.000000000
4 74 0.000000000
74 74 0.000000000
75 74 0.000000000
76 74 0.000000000
1 75 0.000000000
2 75 0.000000000
3 75 0.000000000
4 75 0.000000000
74 75 0.000000000
75 75 0.000000000
76 75 0.000000000
1 76 0.000000000
2 76 0.000000000
3 76 0.000000000
4 76 0.000000000
74 76 0.000000000
75 76 0.000000000
76 76 0.000000000
1 77 0.000000000
2 77 0.000000000
3 77 0.000000000
4 77 0.000000000
77 77 0.000000000
78 77 0.000000000
79 77 0.000000000
1 78 0.000000000
2 78 0.000000000
3 78 0.000000000
4 78 0.000000000
77 78 0.000000000
78 78 0.000000000
79 78 0.000000000
1 79 0.000000000
2 79 0.000000000
3 79 0.000000000
4 79 0.000000000
77 79 0.000000000
78 79 0.000000000
79 79 0.000000000
3 80 0.000000000
4 80 0.000000000
80 80 0.000000000
81 80 0.000000000
82 80 0.000000000
3 81 0.000000000
4 81 0.000000000
80 81 0.000000000
81 81 0.000000000
82 81 0.000000000
3 82 0.000000000
4 82 0.000000000
80 82 0.000000000
81 82 0.000000000
82 82 0.000000000
3 83 0.000000000
4 83 0.000000000
83 83 0.000000000
84 83 0.000000000
85 83 0.000000000
3 84 0.000000000
4 84 0.000000000
83 84 0.000000000
84 84 0.000000000
85 84 0.000000000
3 85 0.000000000
4 85 0.000000000
83 85 0.000000000
84 85 0.000000000
85 85 0.000000000
3 86 0.000000000
4 86 0.000000000
86 86 0.000000000
87 86 0.000000000
88 86 0.000000000
3 87 0.000000000
4 87 0.000000000
86 87 0.000000000
87 87 0.000000000
88 87 0.000000000
3 88 0.000000000
4 88 0.000000000
86 88 0.000000000
87 88 0.000000000
88 88 0.000000000
3 89 0.000000000
4 89 0.000000000
89 89 0.000000000
90 89 0.000000000
91 89 0.000000000
3 90 0.000000000
4 90 0.000000000
89 90 0.000000000
90 90 0.000000000
91 90 0.000000000
3 91 0.000000000
4 91 0.000000000
89 91 0.000000000
90 91 0.000000000
91 91 0.000000000
3 92 0.000000000
4 92 0.000000000
92 92 0.000000000
93 92 0.000000000
94 92 0.000000000
3 93 0.000000000
4 93 0.000000000
92 93 0.000000000
93 93 0.000000000
94 93 0.000000000
3 94 0.000000000
4 94 0.000000000
92 94 0.000000000
93 94 0.000000000
94 94 0.000000000
3 95 0.000000000
4 95 0.000000000
95 95 0.000000000
96 95 0.000000000
97 95 0.000000000
3 96 0.000000000
4 96 0.000000000
95 96 0.000000000
96 96 0.000000000
97 96 0.000000000
3 97 0.000000000
4 97 0.000000000
95 97 0.000000000
96 97 0.000000000
97 97 0.000000000
3 98 0.000000000
4 98 0.000000000
98 98 0.000000000
99 98 0.000000000
100 98 0.000000000
3 99 0.000000000
4 99 0.000000000
98 99 0.000000000
99 99 0.000000000
100 99 0.000000000
3 100 0.000000000
4 100 0.000000000
98 100 0.000000000
99 100 0.000000000
100 100 0.000000000
3 101 0.000000000
4 101 0.000000000
101 101 0.000000000
102 101 0.000000000
103 101 0.000000000
3 102 0.000000000
4 102 0.000000000
101 102 0.000000000
102 102 0.000000000
103 102 0.000000000
3 103 0.000000000
4 103 0.000000000
101 103 0.000000000
102 103 0.000000000
103 103 0.000000000
3 104 0.000000000
4 104 0.000000000
104 104 0.000000000
105 104 0.000000000
106 104 0.000000000
3 105 0.000000000
4 105 0.000000000
104 105 0.000000000
105 105 0.000000000
106 105 0.000000000
3 106 0.000000000
4 106 0.000000000
104 106 0.000000000
105 106 0.000000000
106 106 0.000000000
3 107 0.000000000
4 107 0.000000000
107 107 0.000000000
108 107 0.000000000
109 107 0.000000000
3 108 0.000000000
4 108 0.000000000
107 108 0.000000000
108 108 0.000000000
109 108 0.000000000
3 109 0.000000000
4 109 0.000000000
107 109 0.000000000
108 109 0.000000000
109 109 0.000000000
3 110 0.000000000
4 110 0.000000000
110 110 0.000000000
111 110 0.000000000
112 110 0.000000000
3 111 0.000000000
4 111 0.000000000
110 111 0.000000000
111 111 0.000000000
112 111 0.000000000
3 112 0.000000000
4 112 0.000000000
110 112 0.000000000
111 112 0.000000000
112 112 0.000000000
3 113 0.000000000
4 113 0.000000000
113 113 0.000000000
114 113 0.000000000
115 113 0.000000000
3 114 0.000000000
4 114 0.000000000
113 114 0.000000000
114 114 0.000000000
115 114 0.000000000
3 115 0.000000000
4 115 0.000000000
113 115 0.000000000
114 115 0.000000000
115 115 0.000000000
3 116 0.000000000
4 116 0.000000000
116 116 0.000000000
117 116 0.000000000
118 116 0.000000000
3 117 0.000000000
4 117 0.000000000
116 117 0.000000000
117 117 0.000000000
118 117 0.000000000
3 118 0.000000000
4 118 0.000000000
116 118 0.000000000
117 118 0.000000000
118 118 0.000000000
